    0.0047    1.0913
    0.0231    1.0913
    0.0500    1.0913
    0.0769    1.0913
    0.0953    1.0913
    0.0047    1.1354
    0.0231    1.1354
    0.0500    1.1354
    0.0769    1.1354
    0.0953    1.1354
    0.0047    1.2000
    0.0231    1.2000
    0.0500    1.2000
    0.0769    1.2000
    0.0953    1.2000
    0.0047    1.2646
    0.0231    1.2646
    0.0500    1.2646
    0.0769    1.2646
    0.0953    1.2646
    0.0047    1.3087
    0.0231    1.3087
    0.0500    1.3087
    0.0769    1.3087
    0.0953    1.3087
